<?xml version="1.0"?>
<opencv_storage>
<CameraIntrinsicMatrix type_id="opencv-matrix">
  <rows>3</rows>
  <cols>3</cols>
  <dt>d</dt>
  <data>
    4.9029367725986816e+02 0. 3.2867055206512032e+02 0.
    4.9335038943682690e+02 2.2354271957629982e+02 0. 0. 1.</data></CameraIntrinsicMatrix>
<DistortionCoeffs type_id="opencv-matrix">
  <rows>1</rows>
  <cols>5</cols>
  <dt>d</dt>
  <data>
    -3.7813894427347755e-01 2.6572732161363305e-01
    1.3465410252875495e-03 -1.8138857942078570e-04
    -1.5117366351733760e-01</data></DistortionCoeffs>
<CameraRotationVecs type_id="opencv-matrix">
  <rows>3</rows>
  <cols>1</cols>
  <dt>d</dt>
  <data>
    1.8730756662439358e+00 3.5695702404462109e-03 2.9446647034549082e-02</data></CameraRotationVecs>
<CameraTranslationVecs type_id="opencv-matrix">
  <rows>3</rows>
  <cols>1</cols>
  <dt>d</dt>
  <data>
    -6.4801824535536821e+02 1.1718254808424424e+03
    3.0724538985425493e+03</data></CameraTranslationVecs>
</opencv_storage>
