<?xml version="1.0"?>
<opencv_storage>
<CameraIntrinsicMatrix type_id="opencv-matrix">
  <rows>3</rows>
  <cols>3</cols>
  <dt>d</dt>
  <data>
    4.8759660678396261e+02 0. 3.3533704048347147e+02 0.
    4.8986533591405561e+02 2.2095258169483867e+02 0. 0. 1.</data></CameraIntrinsicMatrix>
<DistortionCoeffs type_id="opencv-matrix">
  <rows>1</rows>
  <cols>5</cols>
  <dt>d</dt>
  <data>
    -3.6907229972383093e-01 2.0990320395841072e-01
    1.5463976502658381e-03 -2.2194811276901884e-04
    -7.9660661293907212e-02</data></DistortionCoeffs>
<CameraRotationVecs type_id="opencv-matrix">
  <rows>3</rows>
  <cols>1</cols>
  <dt>d</dt>
  <data>
    1.7481697898019948e+00 7.7594287381290628e-01
    -5.7947142996371803e-01</data></CameraRotationVecs>
<CameraTranslationVecs type_id="opencv-matrix">
  <rows>3</rows>
  <cols>1</cols>
  <dt>d</dt>
  <data>
    -5.9393695677529126e+02 8.4622355954678278e+02
    3.7929716839206671e+03</data></CameraTranslationVecs>
</opencv_storage>
