<?xml version="1.0"?>
<opencv_storage>
<ColorModelPerson00 type_id="opencv-matrix">
  <rows>180</rows>
  <cols>1</cols>
  <dt>f</dt>
  <data>
    5.90219209e-03 0. 1.51770655e-03 3.87858343e-03 2.02360866e-03
    5.05902164e-04 6.23946032e-03 3.20404721e-03 3.37268133e-03
    3.54131544e-03 0. 4.38448554e-03 2.19224277e-03 0. 3.20404721e-03
    4.72175376e-03 6.74536277e-04 6.74536277e-04 4.38448554e-03
    3.37268139e-04 5.22765610e-03 2.52951100e-03 0. 0. 0. 0.
    3.03541310e-03 2.02360866e-03 5.05902164e-04 0. 5.56492433e-03 0. 0.
    4.04721731e-03 2.69814511e-03 0. 0. 0. 1.34907255e-03 8.43170332e-04
    0. 6.74536277e-04 3.37268133e-03 0. 0. 0. 3.37268139e-04
    3.37268139e-04 0. 0. 5.39629022e-03 0. 3.37268139e-04 0.
    5.05902164e-04 1.18043844e-03 0. 0. 1.34907255e-03 0. 1.68634069e-04
    0. 0. 0. 0. 0. 5.73355798e-03 0. 0. 5.05902164e-04 0. 0. 0. 0. 0.
    3.37268139e-04 1.68634069e-04 0. 0. 0. 1.18043844e-03 8.43170285e-03
    0. 0. 2.52951100e-03 1.18043844e-03 3.20404721e-03 4.04721731e-03
    1.68634066e-03 8.43170332e-04 3.87858343e-03 1.68634066e-03
    2.52951100e-03 3.87858343e-03 2.52951100e-03 2.86677899e-03
    2.86677899e-03 1.51770655e-03 7.41989864e-03 4.72175376e-03
    1.18043842e-02 4.68802713e-02 5.39629012e-02 1.31197304e-01
    2.23608762e-01 1.72681287e-01 1.58853292e-01 1.55143337e-02
    1.04553122e-02 1.68634069e-04 2.02360866e-03 5.05902164e-04 0.
    3.37268133e-03 5.05902164e-04 1.34907255e-03 5.05902164e-04
    1.68634069e-04 0. 0. 1.34907255e-03 0. 0. 6.74536277e-04 0. 0.
    2.19224277e-03 0. 0. 0. 2.52951100e-03 3.37268139e-04 0. 0. 0.
    5.05902164e-04 0. 0. 0. 0. 0. 0. 0. 1.68634069e-04 0. 0.
    5.05902164e-04 0. 0. 0. 0. 0. 0. 0. 0. 3.37268139e-04 0. 0. 0. 0. 0.
    0. 0. 0. 0. 0. 0. 0. 1.68634066e-03 1.68634069e-04 0. 0. 0. 0. 0. 0.
    0. 0. 0. 0.</data></ColorModelPerson00>
<ColorModelPerson01 type_id="opencv-matrix">
  <rows>180</rows>
  <cols>1</cols>
  <dt>f</dt>
  <data>
    1.57593121e-03 0. 0. 0. 0. 3.58166196e-03 0. 5.73065889e-04
    1.00286538e-03 2.86532944e-04 5.73065889e-04 1.86246424e-03
    2.86532944e-04 0. 2.86532962e-03 2.86532962e-03 0. 7.16332404e-04
    2.00573076e-03 0. 8.59598862e-04 1.28939829e-03 0. 0. 0. 0.
    5.73065889e-04 1.43266472e-04 5.73065889e-04 0. 4.72779386e-03 0. 0.
    2.72206310e-03 2.72206310e-03 0. 0. 0. 0. 3.00859590e-03 0.
    5.73065889e-04 1.71919772e-03 0. 0. 0. 0. 0. 0. 0. 3.86819476e-03 0.
    0. 0. 0. 3.86819476e-03 0. 0. 0. 0. 7.16332404e-04 0. 0. 0. 0. 0.
    4.15472779e-03 0. 0. 4.29799431e-04 0. 0. 2.86532944e-04
    1.00286538e-03 0. 0. 7.16332404e-04 0. 1.00286538e-03 1.43266472e-04
    3.15186242e-03 6.30372483e-03 1.14613178e-03 2.72206310e-03
    7.30659021e-03 3.86819476e-03 1.07449861e-02 9.74212028e-03
    2.72206310e-03 2.43553007e-03 2.07736380e-02 5.30085946e-03
    9.88538656e-03 2.02005729e-02 3.02292258e-02 1.74785107e-02
    7.87965581e-03 1.86246424e-03 1.81948431e-02 1.54727791e-02
    2.51575917e-01 4.21203449e-02 5.18624634e-02 8.02292302e-03
    7.12034404e-02 4.75644693e-02 1.21203437e-01 2.00573076e-03
    9.01146159e-02 1.28939829e-03 5.58739249e-03 4.01146151e-03 0.
    1.37535818e-02 3.00859590e-03 1.38968481e-02 1.28939829e-03 0. 0. 0.
    9.31232050e-03 0. 0. 0. 0. 0. 3.29512893e-03 0. 3.00859590e-03 0.
    2.86532944e-04 0. 0. 1.43266481e-03 0. 1.14613178e-03 0. 0. 0. 0. 0.
    2.86532944e-04 0. 4.29799431e-04 0. 0. 5.73065889e-04 0. 0. 0.
    4.29799431e-04 0. 0. 0. 0. 0. 0. 0. 0. 0. 0. 0. 0. 0. 0. 0. 0.
    2.86532944e-04 0. 0. 0. 0. 0. 0. 0. 0. 0. 2.86532944e-04 0. 0.</data></ColorModelPerson01>
<ColorModelPerson02 type_id="opencv-matrix">
  <rows>180</rows>
  <cols>1</cols>
  <dt>f</dt>
  <data>
    8.05432722e-03 0. 0. 1.73720787e-03 4.73783963e-04 5.52747957e-03
    6.63297530e-03 2.21099169e-03 2.21099169e-03 3.47441575e-03 0.
    9.63360723e-03 2.84270383e-03 0. 5.84333530e-03 1.15287425e-02
    2.05306383e-03 6.31711911e-04 4.26405575e-03 0. 7.58054340e-03
    1.26342382e-03 6.31711911e-04 0. 3.15855956e-04 3.15855956e-04
    6.47504721e-03 3.15855956e-04 1.57927989e-03 0. 1.76879335e-02 0. 0.
    3.94819956e-03 6.00126339e-03 0. 0. 4.73783963e-04 1.57927989e-03
    1.10549584e-03 0. 6.79090340e-03 3.31648765e-03 3.15855956e-04
    1.57927978e-04 0. 2.05306383e-03 0. 0. 0. 2.00568549e-02
    3.00063170e-03 1.26342382e-03 1.26342382e-03 4.89576766e-03
    5.84333530e-03 3.15855956e-04 1.10549584e-03 1.10549584e-03
    4.57991147e-03 5.68540767e-03 7.10675912e-03 1.89513585e-03
    5.05369529e-03 0. 2.84270383e-03 1.61086544e-02 1.89513585e-03
    1.83196459e-02 1.38976630e-02 1.26342382e-03 2.05306383e-03
    8.68603960e-03 6.15919149e-03 2.05306383e-03 5.05369529e-03
    2.11623497e-02 2.52684765e-03 3.47441575e-03 0. 1.02653187e-02
    2.10044216e-02 4.89576766e-03 5.05369529e-03 1.18445987e-02
    4.57991147e-03 1.04232468e-02 7.10675912e-03 1.40555911e-02
    8.05432722e-03 1.42135182e-02 6.31711958e-03 9.79153533e-03
    1.13708153e-02 6.47504721e-03 1.04232468e-02 2.41629817e-02
    6.31711958e-03 3.06380298e-02 2.17940621e-02 9.82312039e-02
    8.89134556e-02 4.97473143e-02 1.86355021e-02 2.60581169e-02
    1.40555911e-02 1.32659506e-02 6.79090340e-03 1.20025268e-02
    6.94883149e-03 1.42135192e-03 3.79027170e-03 9.47567925e-04
    6.00126339e-03 1.26342382e-03 7.58054340e-03 3.79027170e-03
    6.31711911e-04 4.73783963e-04 0. 2.36891974e-02 0. 3.63234361e-03
    6.31711911e-04 0. 1.57927989e-03 6.00126339e-03 0. 5.52747957e-03
    3.47441575e-03 3.94819956e-03 1.10549584e-03 0. 5.05369529e-03 0.
    5.68540767e-03 0. 0. 1.10549584e-03 0. 0. 1.73720787e-03 0.
    6.00126339e-03 0. 4.73783957e-03 4.57991147e-03 0. 1.10549584e-03 0.
    2.05306383e-03 0. 1.89513585e-03 0. 0. 7.89639947e-04 1.57927978e-04
    9.47567925e-04 2.21099169e-03 0. 2.68477574e-03 1.10549584e-03
    1.10549584e-03 0. 1.42135192e-03 7.89639947e-04 0. 1.10549584e-03
    1.57927989e-03 9.47567925e-04 0. 0. 0. 0. 0. 7.89639947e-04
    4.73783963e-04 3.31648765e-03 0. 0.</data></ColorModelPerson02>
<ColorModelPerson03 type_id="opencv-matrix">
  <rows>180</rows>
  <cols>1</cols>
  <dt>f</dt>
  <data>
    2.69450992e-03 5.05220611e-04 0. 1.34725496e-03 0. 5.05220611e-04
    1.68406870e-03 8.42034351e-04 3.53654427e-03 2.18928931e-03
    3.36813740e-04 2.69450992e-03 2.69450992e-03 1.51566183e-03
    1.85247557e-03 7.07308855e-03 3.03132366e-03 6.23105420e-03
    7.57830916e-03 7.57830916e-03 3.19973053e-03 4.71539237e-03
    1.85247557e-03 0. 1.01044122e-03 5.05220611e-04 6.73627481e-04
    2.18928931e-03 3.03132366e-03 0. 4.21017176e-03 0. 0. 3.03132366e-03
    8.42034351e-04 0. 0. 0. 0. 2.35769618e-03 0. 6.56786794e-03
    1.85247557e-03 0. 0. 0. 1.17884809e-03 0. 0. 0. 2.02088244e-03 0. 0.
    0. 1.17884809e-03 2.35769618e-03 0. 0. 0. 0. 2.52610305e-03 0.
    6.73627481e-04 0. 0. 0. 1.51566183e-03 0. 0. 1.51566183e-03 0. 0.
    1.68406870e-04 1.68406870e-04 0. 0. 1.68406870e-04 0. 0. 0.
    3.36813740e-04 1.17884809e-03 0. 0. 3.19973053e-03 4.71539237e-03
    5.38901985e-03 5.22061298e-03 4.21017176e-03 3.70495114e-03
    9.93600581e-03 8.25193711e-03 5.89424046e-03 1.16200745e-02
    1.83563493e-02 1.17884809e-02 4.47962284e-02 0. 3.46918143e-02
    1.12832608e-02 2.96396092e-02 9.59919207e-03 2.13876721e-02
    2.86291679e-03 2.15560794e-02 2.69450992e-03 4.02492434e-02
    1.17884809e-03 1.31357359e-02 1.68406870e-04 0. 2.41832271e-01 0.
    2.10508592e-02 6.73627481e-04 3.19973053e-03 0. 0. 0. 0.
    2.43853152e-01 0. 0. 0. 0. 3.03132366e-03 7.74671603e-03 0.
    2.02088244e-02 2.02088244e-03 1.51566183e-03 3.03132366e-03 0.
    6.06264733e-03 0. 2.52610305e-03 0. 0. 8.42034351e-04 0. 0.
    2.02088244e-03 0. 2.18928931e-03 0. 0. 3.36813740e-04 0. 0. 0. 0. 0.
    0. 0. 0. 0. 0. 0. 0. 0. 0. 5.05220611e-04 0. 0. 0. 3.03132366e-03 0.
    1.17884809e-03 1.51566183e-03 0. 0. 0. 0. 0. 0. 5.05220611e-04 0. 0.
    0. 6.73627481e-04</data></ColorModelPerson03>
