<?xml version="1.0"?>
<opencv_storage>
<ColorModelPerson00 type_id="opencv-matrix">
  <rows>36</rows>
  <cols>1</cols>
  <dt>f</dt>
  <data>
    6.37999212e-04 2.55199702e-04 2.04159762e-03 4.72119451e-03
    3.44519597e-03 1.53119816e-03 1.27599842e-03 3.82799539e-04
    7.65599078e-04 6.37999212e-04 3.82799539e-04 1.02079881e-03
    3.82799539e-04 6.37999212e-04 1.65879796e-03 4.21079481e-03
    4.86410618e-01 1.12032667e-01 9.51894894e-02 7.18387142e-02
    8.51090997e-02 5.46127334e-02 3.62383574e-02 1.27599842e-03
    2.22023726e-02 8.54919013e-03 1.65879796e-03 2.55199702e-04
    6.37999212e-04 0. 0. 0. 0. 0. 0. 0.</data></ColorModelPerson00>
<ColorModelPerson01 type_id="opencv-matrix">
  <rows>36</rows>
  <cols>1</cols>
  <dt>f</dt>
  <data>
    2.68595037e-03 1.75619835e-03 1.54958677e-03 1.85950415e-03
    4.13223141e-04 4.13223141e-04 1.75619835e-03 0. 1.65289256e-03 0.
    4.23553726e-03 3.40909092e-03 5.99173550e-03 1.91115700e-02
    4.85537201e-03 1.11570247e-02 3.42148751e-01 2.08677679e-01
    9.43181813e-02 8.76033083e-02 1.43388435e-01 2.39669420e-02
    1.85950415e-03 4.02892567e-03 9.71074402e-03 5.99173550e-03
    3.30578513e-03 3.09917354e-03 3.40909092e-03 3.09917354e-03 0.
    5.16528904e-04 8.26446281e-04 1.54958677e-03 0. 1.65289256e-03</data></ColorModelPerson01>
<ColorModelPerson02 type_id="opencv-matrix">
  <rows>36</rows>
  <cols>1</cols>
  <dt>f</dt>
  <data>
    0. 0. 3.12500005e-03 2.81249993e-02 2.34375000e-02 4.68750019e-03
    7.81250000e-03 3.12500005e-03 3.12500005e-03 1.56250002e-03
    1.25000002e-02 2.03124993e-02 1.56250002e-03 9.37500037e-03
    1.56250002e-03 4.68750019e-03 2.81250000e-01 4.03124988e-01
    1.42187506e-01 2.18749996e-02 0. 0. 1.25000002e-02 1.56250002e-03 0.
    1.56250002e-03 0. 3.12500005e-03 0. 0. 3.12500005e-03 0. 0.
    4.68750019e-03 0. 0.</data></ColorModelPerson02>
<ColorModelPerson03 type_id="opencv-matrix">
  <rows>36</rows>
  <cols>1</cols>
  <dt>f</dt>
  <data>
    0. 5.48790954e-03 4.11593216e-03 2.74395477e-03 1.20048015e-03
    1.02898304e-03 5.48790954e-03 1.02898304e-03 8.57485866e-04 0.
    6.85988693e-04 1.37197739e-03 8.57485866e-04 1.71497173e-04
    6.85988693e-04 3.42994346e-04 2.42154002e-01 6.01955056e-02
    7.56302550e-02 6.72268942e-02 3.36305946e-01 1.66180760e-01
    1.56062422e-02 2.05796608e-03 3.77293769e-03 2.40096031e-03
    1.20048015e-03 1.71497173e-04 1.02898304e-03 0. 0. 0. 0. 0. 0. 0.</data></ColorModelPerson03>
<ColorModelPerson10 type_id="opencv-matrix">
  <rows>36</rows>
  <cols>1</cols>
  <dt>f</dt>
  <data>
    0. 6.96864096e-04 0. 0. 1.74216024e-04 4.00696881e-03 2.43902439e-03
    8.71080148e-04 4.00696881e-03 1.04529620e-03 4.52961680e-03
    6.96864096e-04 0. 1.04529620e-03 2.43902439e-03 7.83972163e-03
    1.82926822e-02 3.52264822e-01 2.32926831e-01 2.06794426e-01
    1.40243903e-01 1.89895462e-02 0. 0. 0. 0. 0. 0. 0. 0. 0. 0. 0.
    6.96864096e-04 0. 0.</data></ColorModelPerson10>
<ColorModelPerson11 type_id="opencv-matrix">
  <rows>36</rows>
  <cols>1</cols>
  <dt>f</dt>
  <data>
    1.41843967e-03 0. 0. 0. 0. 0. 7.44680874e-03 2.83687934e-03
    5.14184404e-03 1.77304959e-03 1.41843967e-02 9.92907770e-03
    2.26950347e-02 4.85815592e-02 5.69148920e-02 2.03900710e-02
    4.45035473e-02 6.20567389e-02 1.15425535e-01 1.70035467e-01
    2.28014186e-01 8.58156011e-02 2.57092193e-02 1.22340424e-02
    1.68439709e-02 1.31205674e-02 1.63120572e-02 2.12765951e-03
    2.83687934e-03 4.96453885e-03 2.12765951e-03 2.12765951e-03
    1.41843967e-03 3.01418430e-03 0. 0.</data></ColorModelPerson11>
<ColorModelPerson12 type_id="opencv-matrix">
  <rows>36</rows>
  <cols>1</cols>
  <dt>f</dt>
  <data>
    0. 0. 0. 0. 0. 0. 0. 0. 0. 0. 0. 0. 0. 0. 0. 0. 1. 0. 0. 0. 0. 0. 0.
    0. 0. 0. 0. 0. 0. 0. 0. 0. 0. 0. 0. 0.</data></ColorModelPerson12>
<ColorModelPerson13 type_id="opencv-matrix">
  <rows>36</rows>
  <cols>1</cols>
  <dt>f</dt>
  <data>
    5.48696844e-04 0. 5.48696844e-04 9.96799301e-03 2.34110653e-02
    8.13900307e-03 5.12117054e-03 5.57841780e-03 1.09739369e-03
    7.31595792e-04 6.31001359e-03 3.65797896e-04 1.18884316e-03
    6.58436213e-03 5.76131698e-03 6.58436213e-03 2.70873338e-01
    3.02423418e-01 2.99405575e-01 2.35025156e-02 1.63694564e-02
    3.65797896e-03 3.65797896e-04 1.82898948e-04 0. 3.65797896e-04
    3.65797896e-04 0. 0. 0. 0. 0. 0. 3.65797896e-04 0. 1.82898948e-04</data></ColorModelPerson13>
</opencv_storage>
