<?xml version="1.0"?>
<opencv_storage>
<ColorModelPerson0 type_id="opencv-matrix">
  <rows>36</rows>
  <cols>1</cols>
  <dt>f</dt>
  <data>
    0. 4.06710710e-03 3.05033056e-03 2.03355355e-03 8.89679708e-04
    7.62582640e-04 4.06710710e-03 7.62582640e-04 6.35485514e-04 0.
    5.08388388e-04 1.01677678e-03 6.35485514e-04 1.27097097e-04
    5.08388388e-04 2.54194194e-04 3.39349270e-01 9.59583148e-02
    6.95221126e-02 5.92272505e-02 2.64743268e-01 1.29130661e-01
    1.41077787e-02 2.03355355e-03 3.05033056e-03 1.77935942e-03
    8.89679708e-04 1.27097097e-04 7.62582640e-04 0. 0. 0. 0. 0. 0. 0.</data></ColorModelPerson0>
<ColorModelPerson1 type_id="opencv-matrix">
  <rows>36</rows>
  <cols>1</cols>
  <dt>f</dt>
  <data>
    2.09036819e-03 1.36677921e-03 1.20598171e-03 1.44717796e-03
    3.21595115e-04 3.21595115e-04 1.36677921e-03 0. 1.28638046e-03 0.
    3.29634990e-03 2.65315967e-03 4.66312934e-03 1.48737738e-02
    3.77874263e-03 8.68306775e-03 3.89130086e-01 2.37899989e-01
    7.81476125e-02 7.34040812e-02 1.21964946e-01 2.07428839e-02
    2.09036819e-03 3.13555240e-03 7.55748525e-03 4.98472434e-03
    2.57276092e-03 2.41196342e-03 2.65315967e-03 2.41196342e-03 0.
    4.01993893e-04 6.43190229e-04 1.20598171e-03 0. 1.28638046e-03</data></ColorModelPerson1>
<ColorModelPerson2 type_id="opencv-matrix">
  <rows>36</rows>
  <cols>1</cols>
  <dt>f</dt>
  <data>
    0. 0. 3.12500005e-03 2.81249993e-02 2.34375000e-02 4.68750019e-03
    7.81250000e-03 3.12500005e-03 3.12500005e-03 1.56250002e-03
    1.25000002e-02 2.03124993e-02 1.56250002e-03 9.37500037e-03
    1.56250002e-03 4.68750019e-03 2.81250000e-01 4.03124988e-01
    1.42187506e-01 2.18749996e-02 0. 0. 1.25000002e-02 1.56250002e-03 0.
    1.56250002e-03 0. 3.12500005e-03 0. 0. 3.12500005e-03 0. 0.
    4.68750019e-03 0. 0.</data></ColorModelPerson2>
<ColorModelPerson3 type_id="opencv-matrix">
  <rows>36</rows>
  <cols>1</cols>
  <dt>f</dt>
  <data>
    4.98206471e-04 1.99282586e-04 1.59426068e-03 3.68672772e-03
    2.69031478e-03 1.19569548e-03 9.96412942e-04 2.98923871e-04
    5.97847742e-04 4.98206471e-04 2.98923871e-04 7.97130342e-04
    2.98923871e-04 4.98206471e-04 1.29533675e-03 3.28816264e-03
    5.48624933e-01 1.25647664e-01 7.91151822e-02 5.90872839e-02
    7.02471137e-02 4.32443209e-02 2.82981265e-02 9.96412942e-04
    1.73375849e-02 6.67596655e-03 1.29533675e-03 1.99282586e-04
    4.98206471e-04 0. 0. 0. 0. 0. 0. 0.</data></ColorModelPerson3>
</opencv_storage>
