<?xml version="1.0"?>
<opencv_storage>
<CameraIntrinsicMatrix type_id="opencv-matrix">
  <rows>3</rows>
  <cols>3</cols>
  <dt>d</dt>
  <data>
    4.9103669350628962e+02 0. 3.4713936328089949e+02 0.
    4.9311487296947087e+02 2.4361042932205845e+02 0. 0. 1.</data></CameraIntrinsicMatrix>
<DistortionCoeffs type_id="opencv-matrix">
  <rows>1</rows>
  <cols>5</cols>
  <dt>d</dt>
  <data>
    -3.7390727526143602e-01 2.1740511265913171e-01
    -1.1802541402751751e-03 -1.4597930469055660e-04
    -8.1425523415550552e-02</data></DistortionCoeffs>
<CameraRotationVecs type_id="opencv-matrix">
  <rows>3</rows>
  <cols>1</cols>
  <dt>d</dt>
  <data>
    1.7086995920010397e+00 -9.0602384609756370e-01
    6.5868636898308042e-01</data></CameraRotationVecs>
<CameraTranslationVecs type_id="opencv-matrix">
  <rows>3</rows>
  <cols>1</cols>
  <dt>d</dt>
  <data>
    -2.7378766150974474e+02 1.0290109777474784e+03
    3.4097936084344292e+03</data></CameraTranslationVecs>
</opencv_storage>
